00 00 e8 15 bb 75 00 20 18 66 c6 02 00 2f f0 f0
03 2c 00 ff ef 0e 17 85 00 4f 00 85 00 4d 34 20
20 20 20 20 20 20 20 20 20 20 20 20 00 4d 38 20
20 20 20 20 20 20 20 20 20 20 20 20 20
;
00 20 18 66 c6 02 00 00 e8 15 bb 75 00 03 f0 f0
7f 20 20 20 20 20 20 20 20 20 20 20 20 20 20 20
20 20 20 20 20 20 20 20 20 20 20 20 20 20 20 20
20 20 20 20 20 20 20 20 20 20 20 20
;
00 00 e8 15 bb 75 00 20 18 66 c6 02 00 03 f0 f1
73 20 20 20 20 20 20 20 20 20 20 20 20 20 20 20
20 20 20 20 20 20 20 20 20 20 20 20 20 20 20 20
20 20 20 20 20 20 20 20 20 20 20 20
;
00 20 18 66 c6 02 00 00 e8 15 bb 75 00 04 f0 f0
01 01 20 20 20 20 20 20 20 20 20 20 20 20 20 20
20 20 20 20 20 20 20 20 20 20 20 20 20 20 20 20
20 20 20 20 20 20 20 20 20 20 20 20
;
00 00 e8 15 bb 75 00 20 18 66 c6 02 00 04 f0 f1
01 01 20 20 20 20 20 20 20 20 20 20 20 20 20 20
20 20 20 20 20 20 20 20 20 20 20 20 20 20 20 20
20 20 20 20 20 20 20 20 20 20 20 20
;
00 20 18 66 c6 02 00 00 e8 15 bb 75 00 12 f0 f0
00 01 0e 00 ff ef 19 8f bc 05 85 00 4f 00 85 4f
20 20 20 20 20 20 20 20 20 20 20 20 20 20 20 20
20 20 20 20 20 20 20 20 20 20 20 20
;
00 00 e8 15 bb 75 00 20 18 66 c6 02 00 12 f0 f0
00 03 0e 00 ff ef 17 81 bc 05 4f 00 85 00 4f 85
20 20 20 20 20 20 20 20 20 20 20 20 20 20 20 20
20 20 20 20 20 20 20 20 20 20 20 20
;
00 00 e8 15 bb 75 00 20 18 66 c6 02 00 04 f0 f1
01 03 20 20 20 20 20 20 20 20 20 20 20 20 20 20
20 20 20 20 20 20 20 20 20 20 20 20 20 20 20 20
20 20 20 20 20 20 20 20 20 20 20 20
;
00 00 e8 15 bb 75 00 20 18 66 c6 02 00 04 f0 f0
01 05 20 20 20 20 20 20 20 20 20 20 20 20 20 20
20 20 20 20 20 20 20 20 20 20 20 20 20 20 20 20
20 20 20 20 20 20 20 20 20 20 20 20
;
00 20 18 66 c6 02 00 00 e8 15 bb 75 00 04 f0 f1
01 03 20 20 20 20 20 20 20 20 20 20 20 20 20 20
20 20 20 20 20 20 20 20 20 20 20 20 20 20 20 20
20 20 20 20 20 20 20 20 20 20 20 20
;
00 00 e8 15 bb 75 00 20 18 66 c6 02 00 5f f0 f0
02 04 0e 00 ff ef 16 0c 00 00 28 00 28 00 4f 85
ff 53 4d 42 72 00 00 00 00 80 00 00 00 00 00 00
00 00 00 00 00 00 00 00 00 00 c1 1d 00 00 04 2d
11 05 00 02 02 00 01 00 68 0b 00 00 00 00 01 00
85 00 01 80 03 02 00 00 00 63 be 4f 3d 66 c1 01
68 01 08 08 00 85 00 01 80 9f fe e6 3b
;
00 20 18 66 c6 02 00 00 e8 15 bb 75 00 04 f0 f1
01 04 20 20 20 20 20 20 20 20 20 20 20 20 20 20
20 20 20 20 20 20 20 20 20 20 20 20 20 20 20 20
20 20 20 20 20 20 20 20 20 20 20 20
;
00 20 18 66 c6 02 00 00 e8 15 bb 75 00 04 f0 f0
01 05 20 20 20 20 20 20 20 20 20 20 20 20 20 20
20 20 20 20 20 20 20 20 20 20 20 20 20 20 20 20
20 20 20 20 20 20 20 20 20 20 20 20
;
00 00 e8 15 bb 75 00 20 18 66 c6 02 00 04 f0 f1
01 05 20 20 20 20 20 20 20 20 20 20 20 20 20 20
20 20 20 20 20 20 20 20 20 20 20 20 20 20 20 20
20 20 20 20 20 20 20 20 20 20 20 20
;
00 20 18 66 c6 02 00 00 e8 15 bb 75 00 86 f0 f0
04 04 0e 00 ff ef 16 0c 00 00 28 00 28 00 85 4f
ff 53 4d 42 73 00 00 00 00 10 00 00 00 00 00 00
00 00 00 00 00 00 00 00 00 00 c1 1d 00 00 04 2d
0d 75 00 59 00 68 0b 02 00 00 00 85 00 01 80 00
00 00 00 00 00 00 00 01 00 00 00 1c 00 00 00 58
00 57 69 6e 64 6f 77 73 20 34 2e 30 00 57 69 6e
64 6f 77 73 20 34 2e 30 00 04 ff 00 00 00 00 00
02 00 10 00 20 00 5c 5c 4d 38 5c 49 50 43 24 00
49 50 43 00
;
00 00 e8 15 bb 75 00 20 18 66 c6 02 00 46 f0 f0
04 06 0e 00 ff ef 16 0c 00 00 28 00 28 00 4f 85
ff 53 4d 42 73 00 00 00 00 90 00 00 00 00 00 00
00 00 00 00 00 00 00 00 06 e0 c1 1d 00 00 04 2d
03 75 00 29 00 00 00 00 00 02 ff 00 00 00 04 00
49 50 43 00
;
00 20 18 66 c6 02 00 00 e8 15 bb 75 00 04 f0 f0
01 07 20 20 20 20 20 20 20 20 20 20 20 20 20 20
20 20 20 20 20 20 20 20 20 20 20 20 20 20 20 20
20 20 20 20 20 20 20 20 20 20 20 20
;
00 00 e8 15 bb 75 00 20 18 66 c6 02 00 04 f0 f1
01 07 20 20 20 20 20 20 20 20 20 20 20 20 20 20
20 20 20 20 20 20 20 20 20 20 20 20 20 20 20 20
20 20 20 20 20 20 20 20 20 20 20 20
;
00 20 18 66 c6 02 00 00 e8 15 bb 75 00 78 f0 f0
06 06 0e 00 ff ef 16 0c 00 00 28 00 28 00 85 4f
ff 53 4d 42 25 00 00 00 00 00 00 00 00 00 00 00
00 00 00 00 00 00 00 00 06 e0 c1 1d 00 00 04 2e
0e 1a 00 00 00 08 00 00 10 00 00 00 0